
2 191113 1 358 18:20
2 191113 1 358 20:35
2 191113 1 358 22:50
2 191113 1 358 25:05
2 191113 3 232 19:05
2 191113 3 232 21:30
2 191113 3 232 23:55
2 191113	6 276 18:55
2 191113	6 276 21:00
2 191113	6 276 23:05
2 191113	6 276 25:10
2 191113	4 267 17:20
2 191113	4 267 19:55
2 191113	5 250 18:00
2 191113	5 250 22:40
2 191113	5 250 25:00
2 191113	8 250 20:25
2 191113	2 292 19:00
2 191113	2 292 21:20
2 191113	2 292 23:40
2 191114	1 358 07:30
2 191114	1 358 09:45
2 191114	1 358 12:00
2 191114	1 358 14:15
2 191114	1 358 16:30
2 191114	1 358 18:45
2 191114	1 358 20:55
2 191114	1 358 03:10
2 191114	1 358 25:25
2 191114	3 232 07:15
2 191114	3 232 09:40
2 191114	3 232 12:10
2 191114	3 232 14:30
2 191114	3 232 16:55
2 191114	6 276 06:25
2 191114	6 276 08:30
2 191114	6 276 10:35
2 191114	6 276 12:40
2 191114	6 276 14:45
2 191114	6 276 16:50
2 191114	6 276 18:55
2 191114	6 276 21:05
2 191114	6 276 23:05
2 191114	6 276 25:10
2 191114	6 276 03:15
2 191114	4 267 09:30
2 191114	4 267 12:05
2 191114	4 267 14:40
2 191114	4 267 17:15
2 191114	5 250 09:05
2 191114	5 250 13:45
2 191114	5 250 18:25
2 191114	5 250 20:50
2 191114	5 250 23:15
2 191114	5 250 26:00
2 191114	8 250 11:30
2 191114	8 250 16:05
2 191114	2 280 06:00
2 191114	2 280 08:20
2 191114	2 280 10:40
2 191114	2 280 13:00
2 191114	2 280 15:20
2 191114	2 280 17:40
2 191114	2 280 20:00
2 191114	2 280 22:20
2 191114	2 280 24:40
2 191114	2 280 27:00
2 191114	9 250 06:10
0 191113	2 218 19:20
0 191113	2 218 21:40
0 191113	2 218 24:00
0 191113	1 203 18:20
0 191113	1 203 19:20
0 191113	1 203 20:30
0 191113	1 203 22:40
0 191113	1 203 4:50
0 191113	3 156 19:40
0 191113	3 156 22:05
0 191113	3 156 24:30
0 191113	4 120 17:45
0 191113	4 120 21:30
0 191113	5 118 1:30
0 191113	5 118 23:55
0 191113	6 120 19:25
0 191113	6 120 24:05
0 191113	9 74 22:40
0 191114	2 218 10:00
0 191114	2 218 12:20
0 191114	2 218 14:40
0 191114	2 218 17:00
0 191114	2 218 19:20
0 191114	2 218 21:40
0 191114	2 218 24:00
0 191114	1 203 09:40
0 191114	1 203 11:50
0 191114	1 203 14:00
0 191114	1 203 16:10
0 191114	1 203 18:20
0 191114	1 203 20:30
0 191114	1 203 22:40
0 191114	1 203 24:50
0 191114	3 156 10:00
0 191114	3 156 12:25
0 191114	3 156 14:50
0 191114	3 156 17:15
0 191114	3 156 9:40
0 191114	3 156 22:05
0 191114	3 156 24:30
0 191114	4 74 17:45
0 191114	4 74 22:40
0 191114	5 118 09:30
0 191114	5 118 14:30
0 191114	5 118 16:55
0 191114	5 118 21:30
0 191114	5 118 23:55
0 191114	6 120 09:00
0 191114	6 120 11:05
0 191114	6 120 13:10
0 191114	6 120 15:15
0 191114	6 120 17:20
0 191114	6 120 19:25
0 191114	6 120 21:30
0 191114	6 120 23:35
0 191114	7 74 15:50
1 191113	2 223 18:55
1 191113	2 223 21:20
1 191113	2 223 23:45
1 191113	1 193 19:35
1 191113	1 193 21:50
1 191113	1 193 24:05
1 191113	5 297 20:50
1 191113	5 297 23:20
1 191113	4 223 21:30
1 191113	6 223 19:20
1 191113	6 223 24:10
1 191113	9 193 22:30
1 191114	2 223 09:05
1 191114	2 223 11:25
1 191114	2 223 13:50
1 191114	2 223 16:15
1 191114	2 223 18:40
1 191114	1 297 12:05
1 191114	1 297 16:55
1 191114	1 297 19:15
1 191114	1 297 21:30
1 191114	1 297 23:45
1 191114	3 193 09:45
1 191114	5 297 09:30
1 191114	5 297 14:20
1 191114	4 193 09:05
1 191114	8 223 17:50
1 191114	6 223 11:10
1 191114	7 193  23:35